Slope =  -0.74334
P-value =  1.218409334037085e-10
Intercept =  11.95985
R-value =  -0.58835